 &lapsparms_nl

 c6_maproj='lambrt',
 standard_latitude=42.36032,
 standard_latitude2=42.36032,
 standard_longitude=1.137439999999998,
 grid_cen_lat=42.36032,
 grid_cen_lon=1.137439999999998,
 grid_spacing_m=1250,
 NX_L=55,
 NY_L=45,

 /
